20 21
19 67 98 21 57 100 -47 44 4 56 -15 -41 79 36 82 15 71 61 22 48 -6
78 -2 -45 -5 -34 -40 -6 -13 25 44 99 1 60 66 39 45 7 93 -32 73 17
23 94 -15 96 91 -12 84 53 -8 15 31 -26 -40 -17 69 64 9 52 -24 80 53
46 58 74 89 79 78 -26 34 24 85 61 23 64 17 51 3 -32 65 10 13 2
55 59 77 71 21 87 -25 50 3 -43 96 0 -50 86 18 -25 -49 80 10 -16 42
18 20 -6 -41 57 67 22 93 -34 -40 31 40 -44 36 81 -21 31 88 40 -5 25
-35 14 51 -8 71 86 36 70 98 50 -16 92 91 28 24 92 32 -20 71 32 1
-29 -48 -7 82 -25 61 29 44 -37 32 -36 17 -45 -12 -1 45 -26 87 85 86 -39
55 78 17 -40 48 77 -22 19 76 0 -8 -33 71 13 17 22 -46 82 23 99 -31
38 75 37 69 23 82 -5 -8 54 -25 -8 94 -6 -42 37 24 19 3 50 91 42
14 65 78 1 67 59 32 79 100 39 -43 48 -38 -34 74 -11 66 63 90 61 -10
17 64 66 63 -21 11 47 31 4 29 47 -38 4 77 -6 48 97 99 92 18 61
87 -35 -33 -11 26 39 -21 44 -42 6 -26 7 84 82 -10 30 71 42 45 41 -46
24 -21 29 80 50 9 89 20 34 64 3 -36 47 59 -9 8 68 38 21 60 63
14 -18 -11 11 12 60 54 73 26 52 -35 -27 -1 -14 62 -26 -49 -17 -43 -7 100
31 94 31 57 29 -13 4 48 -22 35 63 -28 65 76 84 59 98 -2 49 79 7
36 26 -22 49 0 15 4 3 90 -20 17 -39 41 43 99 -22 -25 -28 41 47 8
-37 30 -20 78 48 74 63 64 -21 91 -11 59 -43 96 -15 -39 -33 -36 -43 -40 14
-45 84 61 89 58 -49 76 -33 91 48 49 14 2 61 56 7 95 -24 13 99 91
83 -37 95 27 -45 -28 18 15 -17 23 -25 12 -26 70 65 85 98 23 2 59 16